10026
10025
11218
10018
10031
11206
10014
10027
11233
11238
11231
10029
11205
10032
10016
11216
10019
11215
10010
10002
11211
10036
10065
11217
10003
10009
10011
11249
10023
10001
10034
11237
10452
11225
10017
10128
10040
10006
11222
11201
10039
11385
11234
11367
11221
10021
10024
10075
11434
11232
10028
11379
11104
10035
10301
11226
10012
10044
11103
10022
10473
11106
10475
10013
11213
10030
10038
10033
11693
10468
11101
11102
11375
10470
10469
11208
11105
10004
11209
10314
11207
11204
10451
11235
10305
11373
11418
11372
11230
11355
11412
11203
11374
10466
11377
11220
10304
10303
11229
10463
11435
11210
11416
10080
10453
11378
10005
10454
10280
10455
11236
10037
11223
11411
11692
10282
10307
11219
10467
11358
11361
10069
10162
11415
11356
11432
11214
10464
11370
10302
11433
11429
11422
11421
10312
10460
10471
11414
10459
10462
10007
11224
11417
11360
11109
11357
10458
11369
11691
11212
11427
10306
10456
11413
10472
11365
11436
11694
11368
11366
10457
10461
10310
11420
10308
11419
11354
10474
10465
11228
11001
11428
11364
11426
11423
10129
11363
10281
91766
11362
10550
10705
11954
10174
11559
10270
10309
11004
11580